{
 "metadata": {
  "language_info": {
   "codemirror_mode": {
    "name": "ipython",
    "version": 3
   },
   "file_extension": ".py",
   "mimetype": "text/x-python",
   "name": "python",
   "nbconvert_exporter": "python",
   "pygments_lexer": "ipython3",
   "version": "3.7.1"
  },
  "orig_nbformat": 2,
  "kernelspec": {
   "name": "python371jvsc74a57bd00600588c3b5f4418cbe7b5ebc6825b479f3bc010269d8b60d75058cdd010adfe",
   "display_name": "Python 3.7.1 64-bit"
  },
  "metadata": {
   "interpreter": {
    "hash": "0600588c3b5f4418cbe7b5ebc6825b479f3bc010269d8b60d75058cdd010adfe"
   }
  }
 },
 "nbformat": 4,
 "nbformat_minor": 2,
 "cells": [
  {
   "source": [
    "### 工具准备"
   ],
   "cell_type": "markdown",
   "metadata": {}
  },
  {
   "cell_type": "code",
   "execution_count": 1,
   "metadata": {},
   "outputs": [],
   "source": [
    "import numpy as np\n",
    "import pandas as pd\n",
    "import matplotlib.pyplot as plt\n",
    "import seaborn as sns\n",
    "\n",
    "from IPython.core.interactiveshell import InteractiveShell\n",
    "InteractiveShell.ast_node_interactivity = \"all\"\n",
    "\n",
    "from matplotlib.pylab import style #自定义图表风格\n",
    "style.use('ggplot')\n",
    "\n",
    "# 解决中文乱码问题\n",
    "plt.rcParams['font.sans-serif'] = ['Simhei']\n",
    "# 解决坐标轴刻度负号乱码\n",
    "plt.rcParams['axes.unicode_minus'] = False\n",
    "\n",
    "#pip install statsmodels\n",
    "from statsmodels.graphics.tsaplots import plot_acf,plot_pacf  #自相关图、偏自相关图\n",
    "from statsmodels.tsa.stattools import adfuller as ADF #平稳性检验\n",
    "from statsmodels.stats.diagnostic import acorr_ljungbox #白噪声检验\n",
    "import statsmodels.api as sm #D-W检验,一阶自相关检验\n",
    "from statsmodels.graphics.api import qqplot #画QQ图,检验一组数据是否服从正态分布\n",
    "from statsmodels.tsa.arima_model import ARIMA"
   ]
  },
  {
   "source": [
    "#### 导入数据"
   ],
   "cell_type": "markdown",
   "metadata": {}
  },
  {
   "cell_type": "code",
   "execution_count": 2,
   "metadata": {},
   "outputs": [],
   "source": [
    "#读取市场数据\n",
    "mydata = pd.read_csv('样例\\市场数据_加盐.csv',encoding='utf-8')"
   ]
  },
  {
   "cell_type": "code",
   "execution_count": 3,
   "metadata": {},
   "outputs": [],
   "source": [
    "gangaotai = mydata[mydata['market_id']=='港澳台']"
   ]
  },
  {
   "source": [
    "gangaotai['index_id']=gangaotai['year_id']+round(gangaotai['month_id']/12,2)"
   ],
   "cell_type": "code",
   "metadata": {},
   "execution_count": 4,
   "outputs": [
    {
     "output_type": "stream",
     "name": "stderr",
     "text": [
      "ipykernel_launcher:1: SettingWithCopyWarning: \nA value is trying to be set on a copy of a slice from a DataFrame.\nTry using .loc[row_indexer,col_indexer] = value instead\n\nSee the caveats in the documentation: https://pandas.pydata.org/pandas-docs/stable/user_guide/indexing.html#returning-a-view-versus-a-copy\n"
     ]
    }
   ]
  },
  {
   "cell_type": "code",
   "execution_count": 5,
   "metadata": {},
   "outputs": [
    {
     "output_type": "execute_result",
     "data": {
      "text/plain": [
       "     Unnamed: 0  year_id  month_id market_id      旅客量       客座率  index_id\n",
       "0             0     2016         5       港澳台  1136974  0.735338   2016.42\n",
       "4             4     2017         5       港澳台  1024773  0.749230   2017.42\n",
       "9             9     2015         1       港澳台   924880  0.690316   2015.08\n",
       "11           11     2017         6       港澳台  1038588  0.773162   2017.50\n",
       "13           13     2016         7       港澳台  1029521  0.786995   2016.58\n",
       "15           15     2017         9       港澳台  1078651  0.762506   2017.75\n",
       "18           18     2015         7       港澳台  1057689  0.756394   2015.58\n",
       "21           21     2016         3       港澳台  1074197  0.734295   2016.25\n",
       "23           23     2017        11       港澳台  1083995  0.805752   2017.92\n",
       "25           25     2017         3       港澳台  1020603  0.725456   2017.25\n",
       "26           26     2015         9       港澳台   976569  0.726633   2015.75\n",
       "27           27     2015        12       港澳台  1023762  0.727429   2016.00\n",
       "34           34     2017         2       港澳台  1027861  0.777799   2017.17\n",
       "38           38     2015         6       港澳台  1099721  0.734731   2015.50\n",
       "42           42     2016         4       港澳台  1190888  0.798770   2016.33\n",
       "44           44     2016         8       港澳台  1101319  0.782241   2016.67\n",
       "51           51     2015         2       港澳台  1132415  0.809111   2015.17\n",
       "52           52     2016         9       港澳台  1005062  0.739911   2016.75\n",
       "54           54     2017         7       港澳台  1214751  0.810651   2017.58\n",
       "56           56     2016         6       港澳台  1055161  0.748500   2016.50\n",
       "59           59     2017         8       港澳台  1105609  0.838317   2017.67\n",
       "61           61     2016         1       港澳台  1110591  0.730311   2016.08\n",
       "62           62     2016        10       港澳台   994705  0.731483   2016.83\n",
       "65           65     2016        12       港澳台   948178  0.769574   2017.00\n",
       "67           67     2017         4       港澳台  1181886  0.779572   2017.33\n",
       "68           68     2015        11       港澳台  1026014  0.739327   2015.92\n",
       "77           77     2015        10       港澳台  1081384  0.747954   2015.83\n",
       "79           79     2015         3       港澳台   998182  0.689143   2015.25\n",
       "85           85     2015         8       港澳台  1231618  0.812901   2015.67\n",
       "86           86     2015         5       港澳台  1146868  0.726202   2015.42\n",
       "94           94     2016         2       港澳台  1244049  0.758088   2016.17\n",
       "95           95     2017        10       港澳台  1228579  0.796904   2017.83\n",
       "97           97     2015         4       港澳台  1083168  0.730944   2015.33\n",
       "102         102     2016        11       港澳台   986698  0.758042   2016.92\n",
       "106         106     2017        12       港澳台  1106454  0.793781   2018.00\n",
       "107         107     2017         1       港澳台  1102252  0.768831   2017.08"
      ],
      "text/html": "<div>\n<style scoped>\n    .dataframe tbody tr th:only-of-type {\n        vertical-align: middle;\n    }\n\n    .dataframe tbody tr th {\n        vertical-align: top;\n    }\n\n    .dataframe thead th {\n        text-align: right;\n    }\n</style>\n<table border=\"1\" class=\"dataframe\">\n  <thead>\n    <tr style=\"text-align: right;\">\n      <th></th>\n      <th>Unnamed: 0</th>\n      <th>year_id</th>\n      <th>month_id</th>\n      <th>market_id</th>\n      <th>旅客量</th>\n      <th>客座率</th>\n      <th>index_id</th>\n    </tr>\n  </thead>\n  <tbody>\n    <tr>\n      <th>0</th>\n      <td>0</td>\n      <td>2016</td>\n      <td>5</td>\n      <td>港澳台</td>\n      <td>1136974</td>\n      <td>0.735338</td>\n      <td>2016.42</td>\n    </tr>\n    <tr>\n      <th>4</th>\n      <td>4</td>\n      <td>2017</td>\n      <td>5</td>\n      <td>港澳台</td>\n      <td>1024773</td>\n      <td>0.749230</td>\n      <td>2017.42</td>\n    </tr>\n    <tr>\n      <th>9</th>\n      <td>9</td>\n      <td>2015</td>\n      <td>1</td>\n      <td>港澳台</td>\n      <td>924880</td>\n      <td>0.690316</td>\n      <td>2015.08</td>\n    </tr>\n    <tr>\n      <th>11</th>\n      <td>11</td>\n      <td>2017</td>\n      <td>6</td>\n      <td>港澳台</td>\n      <td>1038588</td>\n      <td>0.773162</td>\n      <td>2017.50</td>\n    </tr>\n    <tr>\n      <th>13</th>\n      <td>13</td>\n      <td>2016</td>\n      <td>7</td>\n      <td>港澳台</td>\n      <td>1029521</td>\n      <td>0.786995</td>\n      <td>2016.58</td>\n    </tr>\n    <tr>\n      <th>15</th>\n      <td>15</td>\n      <td>2017</td>\n      <td>9</td>\n      <td>港澳台</td>\n      <td>1078651</td>\n      <td>0.762506</td>\n      <td>2017.75</td>\n    </tr>\n    <tr>\n      <th>18</th>\n      <td>18</td>\n      <td>2015</td>\n      <td>7</td>\n      <td>港澳台</td>\n      <td>1057689</td>\n      <td>0.756394</td>\n      <td>2015.58</td>\n    </tr>\n    <tr>\n      <th>21</th>\n      <td>21</td>\n      <td>2016</td>\n      <td>3</td>\n      <td>港澳台</td>\n      <td>1074197</td>\n      <td>0.734295</td>\n      <td>2016.25</td>\n    </tr>\n    <tr>\n      <th>23</th>\n      <td>23</td>\n      <td>2017</td>\n      <td>11</td>\n      <td>港澳台</td>\n      <td>1083995</td>\n      <td>0.805752</td>\n      <td>2017.92</td>\n    </tr>\n    <tr>\n      <th>25</th>\n      <td>25</td>\n      <td>2017</td>\n      <td>3</td>\n      <td>港澳台</td>\n      <td>1020603</td>\n      <td>0.725456</td>\n      <td>2017.25</td>\n    </tr>\n    <tr>\n      <th>26</th>\n      <td>26</td>\n      <td>2015</td>\n      <td>9</td>\n      <td>港澳台</td>\n      <td>976569</td>\n      <td>0.726633</td>\n      <td>2015.75</td>\n    </tr>\n    <tr>\n      <th>27</th>\n      <td>27</td>\n      <td>2015</td>\n      <td>12</td>\n      <td>港澳台</td>\n      <td>1023762</td>\n      <td>0.727429</td>\n      <td>2016.00</td>\n    </tr>\n    <tr>\n      <th>34</th>\n      <td>34</td>\n      <td>2017</td>\n      <td>2</td>\n      <td>港澳台</td>\n      <td>1027861</td>\n      <td>0.777799</td>\n      <td>2017.17</td>\n    </tr>\n    <tr>\n      <th>38</th>\n      <td>38</td>\n      <td>2015</td>\n      <td>6</td>\n      <td>港澳台</td>\n      <td>1099721</td>\n      <td>0.734731</td>\n      <td>2015.50</td>\n    </tr>\n    <tr>\n      <th>42</th>\n      <td>42</td>\n      <td>2016</td>\n      <td>4</td>\n      <td>港澳台</td>\n      <td>1190888</td>\n      <td>0.798770</td>\n      <td>2016.33</td>\n    </tr>\n    <tr>\n      <th>44</th>\n      <td>44</td>\n      <td>2016</td>\n      <td>8</td>\n      <td>港澳台</td>\n      <td>1101319</td>\n      <td>0.782241</td>\n      <td>2016.67</td>\n    </tr>\n    <tr>\n      <th>51</th>\n      <td>51</td>\n      <td>2015</td>\n      <td>2</td>\n      <td>港澳台</td>\n      <td>1132415</td>\n      <td>0.809111</td>\n      <td>2015.17</td>\n    </tr>\n    <tr>\n      <th>52</th>\n      <td>52</td>\n      <td>2016</td>\n      <td>9</td>\n      <td>港澳台</td>\n      <td>1005062</td>\n      <td>0.739911</td>\n      <td>2016.75</td>\n    </tr>\n    <tr>\n      <th>54</th>\n      <td>54</td>\n      <td>2017</td>\n      <td>7</td>\n      <td>港澳台</td>\n      <td>1214751</td>\n      <td>0.810651</td>\n      <td>2017.58</td>\n    </tr>\n    <tr>\n      <th>56</th>\n      <td>56</td>\n      <td>2016</td>\n      <td>6</td>\n      <td>港澳台</td>\n      <td>1055161</td>\n      <td>0.748500</td>\n      <td>2016.50</td>\n    </tr>\n    <tr>\n      <th>59</th>\n      <td>59</td>\n      <td>2017</td>\n      <td>8</td>\n      <td>港澳台</td>\n      <td>1105609</td>\n      <td>0.838317</td>\n      <td>2017.67</td>\n    </tr>\n    <tr>\n      <th>61</th>\n      <td>61</td>\n      <td>2016</td>\n      <td>1</td>\n      <td>港澳台</td>\n      <td>1110591</td>\n      <td>0.730311</td>\n      <td>2016.08</td>\n    </tr>\n    <tr>\n      <th>62</th>\n      <td>62</td>\n      <td>2016</td>\n      <td>10</td>\n      <td>港澳台</td>\n      <td>994705</td>\n      <td>0.731483</td>\n      <td>2016.83</td>\n    </tr>\n    <tr>\n      <th>65</th>\n      <td>65</td>\n      <td>2016</td>\n      <td>12</td>\n      <td>港澳台</td>\n      <td>948178</td>\n      <td>0.769574</td>\n      <td>2017.00</td>\n    </tr>\n    <tr>\n      <th>67</th>\n      <td>67</td>\n      <td>2017</td>\n      <td>4</td>\n      <td>港澳台</td>\n      <td>1181886</td>\n      <td>0.779572</td>\n      <td>2017.33</td>\n    </tr>\n    <tr>\n      <th>68</th>\n      <td>68</td>\n      <td>2015</td>\n      <td>11</td>\n      <td>港澳台</td>\n      <td>1026014</td>\n      <td>0.739327</td>\n      <td>2015.92</td>\n    </tr>\n    <tr>\n      <th>77</th>\n      <td>77</td>\n      <td>2015</td>\n      <td>10</td>\n      <td>港澳台</td>\n      <td>1081384</td>\n      <td>0.747954</td>\n      <td>2015.83</td>\n    </tr>\n    <tr>\n      <th>79</th>\n      <td>79</td>\n      <td>2015</td>\n      <td>3</td>\n      <td>港澳台</td>\n      <td>998182</td>\n      <td>0.689143</td>\n      <td>2015.25</td>\n    </tr>\n    <tr>\n      <th>85</th>\n      <td>85</td>\n      <td>2015</td>\n      <td>8</td>\n      <td>港澳台</td>\n      <td>1231618</td>\n      <td>0.812901</td>\n      <td>2015.67</td>\n    </tr>\n    <tr>\n      <th>86</th>\n      <td>86</td>\n      <td>2015</td>\n      <td>5</td>\n      <td>港澳台</td>\n      <td>1146868</td>\n      <td>0.726202</td>\n      <td>2015.42</td>\n    </tr>\n    <tr>\n      <th>94</th>\n      <td>94</td>\n      <td>2016</td>\n      <td>2</td>\n      <td>港澳台</td>\n      <td>1244049</td>\n      <td>0.758088</td>\n      <td>2016.17</td>\n    </tr>\n    <tr>\n      <th>95</th>\n      <td>95</td>\n      <td>2017</td>\n      <td>10</td>\n      <td>港澳台</td>\n      <td>1228579</td>\n      <td>0.796904</td>\n      <td>2017.83</td>\n    </tr>\n    <tr>\n      <th>97</th>\n      <td>97</td>\n      <td>2015</td>\n      <td>4</td>\n      <td>港澳台</td>\n      <td>1083168</td>\n      <td>0.730944</td>\n      <td>2015.33</td>\n    </tr>\n    <tr>\n      <th>102</th>\n      <td>102</td>\n      <td>2016</td>\n      <td>11</td>\n      <td>港澳台</td>\n      <td>986698</td>\n      <td>0.758042</td>\n      <td>2016.92</td>\n    </tr>\n    <tr>\n      <th>106</th>\n      <td>106</td>\n      <td>2017</td>\n      <td>12</td>\n      <td>港澳台</td>\n      <td>1106454</td>\n      <td>0.793781</td>\n      <td>2018.00</td>\n    </tr>\n    <tr>\n      <th>107</th>\n      <td>107</td>\n      <td>2017</td>\n      <td>1</td>\n      <td>港澳台</td>\n      <td>1102252</td>\n      <td>0.768831</td>\n      <td>2017.08</td>\n    </tr>\n  </tbody>\n</table>\n</div>"
     },
     "metadata": {},
     "execution_count": 5
    }
   ],
   "source": [
    "gangaotai"
   ]
  },
  {
   "cell_type": "code",
   "execution_count": 6,
   "metadata": {},
   "outputs": [],
   "source": [
    "new_data=gangaotai.groupby('index_id')['旅客量'].mean()"
   ]
  },
  {
   "cell_type": "code",
   "execution_count": 7,
   "metadata": {},
   "outputs": [
    {
     "output_type": "execute_result",
     "data": {
      "text/plain": [
       "     Unnamed: 0  year_id  month_id market_id      旅客量       客座率  index_id\n",
       "9             9     2015         1       港澳台   924880  0.690316   2015.08\n",
       "51           51     2015         2       港澳台  1132415  0.809111   2015.17\n",
       "79           79     2015         3       港澳台   998182  0.689143   2015.25\n",
       "97           97     2015         4       港澳台  1083168  0.730944   2015.33\n",
       "86           86     2015         5       港澳台  1146868  0.726202   2015.42\n",
       "38           38     2015         6       港澳台  1099721  0.734731   2015.50\n",
       "18           18     2015         7       港澳台  1057689  0.756394   2015.58\n",
       "85           85     2015         8       港澳台  1231618  0.812901   2015.67\n",
       "26           26     2015         9       港澳台   976569  0.726633   2015.75\n",
       "77           77     2015        10       港澳台  1081384  0.747954   2015.83\n",
       "68           68     2015        11       港澳台  1026014  0.739327   2015.92\n",
       "27           27     2015        12       港澳台  1023762  0.727429   2016.00\n",
       "61           61     2016         1       港澳台  1110591  0.730311   2016.08\n",
       "94           94     2016         2       港澳台  1244049  0.758088   2016.17\n",
       "21           21     2016         3       港澳台  1074197  0.734295   2016.25\n",
       "42           42     2016         4       港澳台  1190888  0.798770   2016.33\n",
       "0             0     2016         5       港澳台  1136974  0.735338   2016.42\n",
       "56           56     2016         6       港澳台  1055161  0.748500   2016.50\n",
       "13           13     2016         7       港澳台  1029521  0.786995   2016.58\n",
       "44           44     2016         8       港澳台  1101319  0.782241   2016.67\n",
       "52           52     2016         9       港澳台  1005062  0.739911   2016.75\n",
       "62           62     2016        10       港澳台   994705  0.731483   2016.83\n",
       "102         102     2016        11       港澳台   986698  0.758042   2016.92\n",
       "65           65     2016        12       港澳台   948178  0.769574   2017.00\n",
       "107         107     2017         1       港澳台  1102252  0.768831   2017.08\n",
       "34           34     2017         2       港澳台  1027861  0.777799   2017.17\n",
       "25           25     2017         3       港澳台  1020603  0.725456   2017.25\n",
       "67           67     2017         4       港澳台  1181886  0.779572   2017.33\n",
       "4             4     2017         5       港澳台  1024773  0.749230   2017.42\n",
       "11           11     2017         6       港澳台  1038588  0.773162   2017.50\n",
       "54           54     2017         7       港澳台  1214751  0.810651   2017.58\n",
       "59           59     2017         8       港澳台  1105609  0.838317   2017.67\n",
       "15           15     2017         9       港澳台  1078651  0.762506   2017.75\n",
       "95           95     2017        10       港澳台  1228579  0.796904   2017.83\n",
       "23           23     2017        11       港澳台  1083995  0.805752   2017.92\n",
       "106         106     2017        12       港澳台  1106454  0.793781   2018.00"
      ],
      "text/html": "<div>\n<style scoped>\n    .dataframe tbody tr th:only-of-type {\n        vertical-align: middle;\n    }\n\n    .dataframe tbody tr th {\n        vertical-align: top;\n    }\n\n    .dataframe thead th {\n        text-align: right;\n    }\n</style>\n<table border=\"1\" class=\"dataframe\">\n  <thead>\n    <tr style=\"text-align: right;\">\n      <th></th>\n      <th>Unnamed: 0</th>\n      <th>year_id</th>\n      <th>month_id</th>\n      <th>market_id</th>\n      <th>旅客量</th>\n      <th>客座率</th>\n      <th>index_id</th>\n    </tr>\n  </thead>\n  <tbody>\n    <tr>\n      <th>9</th>\n      <td>9</td>\n      <td>2015</td>\n      <td>1</td>\n      <td>港澳台</td>\n      <td>924880</td>\n      <td>0.690316</td>\n      <td>2015.08</td>\n    </tr>\n    <tr>\n      <th>51</th>\n      <td>51</td>\n      <td>2015</td>\n      <td>2</td>\n      <td>港澳台</td>\n      <td>1132415</td>\n      <td>0.809111</td>\n      <td>2015.17</td>\n    </tr>\n    <tr>\n      <th>79</th>\n      <td>79</td>\n      <td>2015</td>\n      <td>3</td>\n      <td>港澳台</td>\n      <td>998182</td>\n      <td>0.689143</td>\n      <td>2015.25</td>\n    </tr>\n    <tr>\n      <th>97</th>\n      <td>97</td>\n      <td>2015</td>\n      <td>4</td>\n      <td>港澳台</td>\n      <td>1083168</td>\n      <td>0.730944</td>\n      <td>2015.33</td>\n    </tr>\n    <tr>\n      <th>86</th>\n      <td>86</td>\n      <td>2015</td>\n      <td>5</td>\n      <td>港澳台</td>\n      <td>1146868</td>\n      <td>0.726202</td>\n      <td>2015.42</td>\n    </tr>\n    <tr>\n      <th>38</th>\n      <td>38</td>\n      <td>2015</td>\n      <td>6</td>\n      <td>港澳台</td>\n      <td>1099721</td>\n      <td>0.734731</td>\n      <td>2015.50</td>\n    </tr>\n    <tr>\n      <th>18</th>\n      <td>18</td>\n      <td>2015</td>\n      <td>7</td>\n      <td>港澳台</td>\n      <td>1057689</td>\n      <td>0.756394</td>\n      <td>2015.58</td>\n    </tr>\n    <tr>\n      <th>85</th>\n      <td>85</td>\n      <td>2015</td>\n      <td>8</td>\n      <td>港澳台</td>\n      <td>1231618</td>\n      <td>0.812901</td>\n      <td>2015.67</td>\n    </tr>\n    <tr>\n      <th>26</th>\n      <td>26</td>\n      <td>2015</td>\n      <td>9</td>\n      <td>港澳台</td>\n      <td>976569</td>\n      <td>0.726633</td>\n      <td>2015.75</td>\n    </tr>\n    <tr>\n      <th>77</th>\n      <td>77</td>\n      <td>2015</td>\n      <td>10</td>\n      <td>港澳台</td>\n      <td>1081384</td>\n      <td>0.747954</td>\n      <td>2015.83</td>\n    </tr>\n    <tr>\n      <th>68</th>\n      <td>68</td>\n      <td>2015</td>\n      <td>11</td>\n      <td>港澳台</td>\n      <td>1026014</td>\n      <td>0.739327</td>\n      <td>2015.92</td>\n    </tr>\n    <tr>\n      <th>27</th>\n      <td>27</td>\n      <td>2015</td>\n      <td>12</td>\n      <td>港澳台</td>\n      <td>1023762</td>\n      <td>0.727429</td>\n      <td>2016.00</td>\n    </tr>\n    <tr>\n      <th>61</th>\n      <td>61</td>\n      <td>2016</td>\n      <td>1</td>\n      <td>港澳台</td>\n      <td>1110591</td>\n      <td>0.730311</td>\n      <td>2016.08</td>\n    </tr>\n    <tr>\n      <th>94</th>\n      <td>94</td>\n      <td>2016</td>\n      <td>2</td>\n      <td>港澳台</td>\n      <td>1244049</td>\n      <td>0.758088</td>\n      <td>2016.17</td>\n    </tr>\n    <tr>\n      <th>21</th>\n      <td>21</td>\n      <td>2016</td>\n      <td>3</td>\n      <td>港澳台</td>\n      <td>1074197</td>\n      <td>0.734295</td>\n      <td>2016.25</td>\n    </tr>\n    <tr>\n      <th>42</th>\n      <td>42</td>\n      <td>2016</td>\n      <td>4</td>\n      <td>港澳台</td>\n      <td>1190888</td>\n      <td>0.798770</td>\n      <td>2016.33</td>\n    </tr>\n    <tr>\n      <th>0</th>\n      <td>0</td>\n      <td>2016</td>\n      <td>5</td>\n      <td>港澳台</td>\n      <td>1136974</td>\n      <td>0.735338</td>\n      <td>2016.42</td>\n    </tr>\n    <tr>\n      <th>56</th>\n      <td>56</td>\n      <td>2016</td>\n      <td>6</td>\n      <td>港澳台</td>\n      <td>1055161</td>\n      <td>0.748500</td>\n      <td>2016.50</td>\n    </tr>\n    <tr>\n      <th>13</th>\n      <td>13</td>\n      <td>2016</td>\n      <td>7</td>\n      <td>港澳台</td>\n      <td>1029521</td>\n      <td>0.786995</td>\n      <td>2016.58</td>\n    </tr>\n    <tr>\n      <th>44</th>\n      <td>44</td>\n      <td>2016</td>\n      <td>8</td>\n      <td>港澳台</td>\n      <td>1101319</td>\n      <td>0.782241</td>\n      <td>2016.67</td>\n    </tr>\n    <tr>\n      <th>52</th>\n      <td>52</td>\n      <td>2016</td>\n      <td>9</td>\n      <td>港澳台</td>\n      <td>1005062</td>\n      <td>0.739911</td>\n      <td>2016.75</td>\n    </tr>\n    <tr>\n      <th>62</th>\n      <td>62</td>\n      <td>2016</td>\n      <td>10</td>\n      <td>港澳台</td>\n      <td>994705</td>\n      <td>0.731483</td>\n      <td>2016.83</td>\n    </tr>\n    <tr>\n      <th>102</th>\n      <td>102</td>\n      <td>2016</td>\n      <td>11</td>\n      <td>港澳台</td>\n      <td>986698</td>\n      <td>0.758042</td>\n      <td>2016.92</td>\n    </tr>\n    <tr>\n      <th>65</th>\n      <td>65</td>\n      <td>2016</td>\n      <td>12</td>\n      <td>港澳台</td>\n      <td>948178</td>\n      <td>0.769574</td>\n      <td>2017.00</td>\n    </tr>\n    <tr>\n      <th>107</th>\n      <td>107</td>\n      <td>2017</td>\n      <td>1</td>\n      <td>港澳台</td>\n      <td>1102252</td>\n      <td>0.768831</td>\n      <td>2017.08</td>\n    </tr>\n    <tr>\n      <th>34</th>\n      <td>34</td>\n      <td>2017</td>\n      <td>2</td>\n      <td>港澳台</td>\n      <td>1027861</td>\n      <td>0.777799</td>\n      <td>2017.17</td>\n    </tr>\n    <tr>\n      <th>25</th>\n      <td>25</td>\n      <td>2017</td>\n      <td>3</td>\n      <td>港澳台</td>\n      <td>1020603</td>\n      <td>0.725456</td>\n      <td>2017.25</td>\n    </tr>\n    <tr>\n      <th>67</th>\n      <td>67</td>\n      <td>2017</td>\n      <td>4</td>\n      <td>港澳台</td>\n      <td>1181886</td>\n      <td>0.779572</td>\n      <td>2017.33</td>\n    </tr>\n    <tr>\n      <th>4</th>\n      <td>4</td>\n      <td>2017</td>\n      <td>5</td>\n      <td>港澳台</td>\n      <td>1024773</td>\n      <td>0.749230</td>\n      <td>2017.42</td>\n    </tr>\n    <tr>\n      <th>11</th>\n      <td>11</td>\n      <td>2017</td>\n      <td>6</td>\n      <td>港澳台</td>\n      <td>1038588</td>\n      <td>0.773162</td>\n      <td>2017.50</td>\n    </tr>\n    <tr>\n      <th>54</th>\n      <td>54</td>\n      <td>2017</td>\n      <td>7</td>\n      <td>港澳台</td>\n      <td>1214751</td>\n      <td>0.810651</td>\n      <td>2017.58</td>\n    </tr>\n    <tr>\n      <th>59</th>\n      <td>59</td>\n      <td>2017</td>\n      <td>8</td>\n      <td>港澳台</td>\n      <td>1105609</td>\n      <td>0.838317</td>\n      <td>2017.67</td>\n    </tr>\n    <tr>\n      <th>15</th>\n      <td>15</td>\n      <td>2017</td>\n      <td>9</td>\n      <td>港澳台</td>\n      <td>1078651</td>\n      <td>0.762506</td>\n      <td>2017.75</td>\n    </tr>\n    <tr>\n      <th>95</th>\n      <td>95</td>\n      <td>2017</td>\n      <td>10</td>\n      <td>港澳台</td>\n      <td>1228579</td>\n      <td>0.796904</td>\n      <td>2017.83</td>\n    </tr>\n    <tr>\n      <th>23</th>\n      <td>23</td>\n      <td>2017</td>\n      <td>11</td>\n      <td>港澳台</td>\n      <td>1083995</td>\n      <td>0.805752</td>\n      <td>2017.92</td>\n    </tr>\n    <tr>\n      <th>106</th>\n      <td>106</td>\n      <td>2017</td>\n      <td>12</td>\n      <td>港澳台</td>\n      <td>1106454</td>\n      <td>0.793781</td>\n      <td>2018.00</td>\n    </tr>\n  </tbody>\n</table>\n</div>"
     },
     "metadata": {},
     "execution_count": 7
    }
   ],
   "source": [
    "gangaotai.sort_values(by=['index_id'])"
   ]
  },
  {
   "cell_type": "code",
   "execution_count": 8,
   "metadata": {},
   "outputs": [
    {
     "output_type": "execute_result",
     "data": {
      "text/plain": [
       "<Figure size 936x432 with 0 Axes>"
      ]
     },
     "metadata": {},
     "execution_count": 8
    },
    {
     "output_type": "execute_result",
     "data": {
      "text/plain": [
       "[<matplotlib.lines.Line2D at 0x2c18f1314a8>]"
      ]
     },
     "metadata": {},
     "execution_count": 8
    },
    {
     "output_type": "execute_result",
     "data": {
      "text/plain": [
       "(array([2014.5, 2015. , 2015.5, 2016. , 2016.5, 2017. , 2017.5, 2018. ,\n",
       "        2018.5]),\n",
       " [Text(0, 0, ''),\n",
       "  Text(0, 0, ''),\n",
       "  Text(0, 0, ''),\n",
       "  Text(0, 0, ''),\n",
       "  Text(0, 0, ''),\n",
       "  Text(0, 0, ''),\n",
       "  Text(0, 0, ''),\n",
       "  Text(0, 0, ''),\n",
       "  Text(0, 0, '')])"
      ]
     },
     "metadata": {},
     "execution_count": 8
    },
    {
     "output_type": "execute_result",
     "data": {
      "text/plain": [
       "(array([ 900000.,  950000., 1000000., 1050000., 1100000., 1150000.,\n",
       "        1200000., 1250000., 1300000.]),\n",
       " [Text(0, 0, ''),\n",
       "  Text(0, 0, ''),\n",
       "  Text(0, 0, ''),\n",
       "  Text(0, 0, ''),\n",
       "  Text(0, 0, ''),\n",
       "  Text(0, 0, ''),\n",
       "  Text(0, 0, ''),\n",
       "  Text(0, 0, ''),\n",
       "  Text(0, 0, '')])"
      ]
     },
     "metadata": {},
     "execution_count": 8
    },
    {
     "output_type": "execute_result",
     "data": {
      "text/plain": [
       "Text(0.5, 0, '时间')"
      ]
     },
     "metadata": {},
     "execution_count": 8
    },
    {
     "output_type": "execute_result",
     "data": {
      "text/plain": [
       "Text(0, 0.5, '旅客量')"
      ]
     },
     "metadata": {},
     "execution_count": 8
    },
    {
     "output_type": "execute_result",
     "data": {
      "text/plain": [
       "Text(0.5, 1.0, '港澳台旅客量指数变化图')"
      ]
     },
     "metadata": {},
     "execution_count": 8
    },
    {
     "output_type": "display_data",
     "data": {
      "text/plain": "<Figure size 936x432 with 1 Axes>",
